place(-20.589, 1.000, -12.158, "Brawler", 600)
task.wait(1)
switchPath(-20.589, 2.350, -12.158, 1)
place(-25.456, 1.000, 5.375, "Farm", 250)
task.wait(1)
switchPath(-25.456, 2.317, 5.375, 1)
switchPath(-25.456, 2.317, 5.375, 1)
place(-21.893, 1.000, 5.181, "Farm", 250)
place(-25.886, 1.000, -9.760, "Brawler", 600)
task.wait(1)
switchPath(-21.893, 2.317, 5.181, 1)
switchPath(-21.893, 2.317, 5.181, 1)
place(-23.749, 1.000, -6.567, "Brawler", 600)
place(-25.804, 1.000, -7.705, "Brawler", 600)
place(-18.487, 1.000, -10.936, "Brawler", 600)
place(-18.439, 1.000, -8.843, "Brawler", 600)
task.wait(1)
switchPath(-25.804, 2.350, -7.705, 1)
switchPath(-25.886, 2.350, -9.760, 1)
switchPath(-18.487, 2.350, -10.936, 1)
switchPath(-18.439, 2.350, -8.843, 1)
switchPath(-23.749, 2.350, -6.567, 1)
place(-18.289, 1.000, 5.318, "Farm", 250)
task.wait(1)
switchPath(-18.289, 2.317, 5.318, 1)
switchPath(-18.289, 2.317, 5.318, 1)
place(-20.244, 1.000, 8.878, "Farm", 250)
place(-20.609, 1.000, 8.526, "Farm", 250)
task.wait(1)
switchPath(-20.609, 2.317, 8.526, 1)
switchPath(-20.609, 2.317, 8.526, 1)
place(-24.325, 1.000, 8.927, "Farm", 250)
task.wait(1)
switchPath(-24.325, 2.317, 8.927, 1)
switchPath(-24.325, 2.317, 8.927, 1)
place(-20.837, 1.000, 12.234, "Farm", 250)
task.wait(1)
switchPath(-20.837, 2.317, 12.234, 1)
switchPath(-20.837, 2.317, 12.234, 1)
place(-24.864, 1.000, 12.548, "Farm", 250)
task.wait(1)
switchPath(-24.864, 2.317, 12.548, 1)
switchPath(-24.864, 2.317, 12.548, 1)
place(-17.114, 1.000, 11.970, "Farm", 250)
task.wait(1)
switchPath(-17.114, 2.317, 11.970, 1)
switchPath(-17.114, 2.317, 11.970, 1)
sell(-17.114, 2.317, 11.970)
place(-15.852, 1.000, -9.306, "Hacker", 1400)
task.wait(1)
switchPath(-15.852, 2.403, -9.306, 1)
switchPath(-15.852, 2.403, -9.306, 1)
place(-16.854, 1.000, 9.128, "Farm", 250)
task.wait(1)
switchPath(-16.854, 2.317, 9.128, 1)
switchPath(-16.854, 2.317, 9.128, 1)
switchPath(-16.854, 2.317, 9.128, 1)
switchPath(-18.289, 2.317, 5.318, 1)
switchPath(-21.893, 2.317, 5.181, 1)
switchPath(-20.609, 2.317, 8.526, 1)
switchPath(-20.837, 2.317, 12.234, 1)
switchPath(-24.864, 2.317, 12.548, 1)
switchPath(-24.325, 2.317, 8.927, 1)
switchPath(-25.456, 2.317, 5.375, 1)
switchPath(-20.589, 2.350, -12.158, 1)
switchPath(-25.886, 2.350, -9.760, 1)
switchPath(-25.804, 2.350, -7.705, 1)
switchPath(-23.749, 2.350, -6.567, 1)
switchPath(-18.439, 2.350, -8.843, 1)
switchPath(-18.487, 2.350, -10.936, 1)
switchPath(-20.589, 2.350, -12.158, 1)
switchPath(-20.589, 2.350, -12.158, 1)
switchPath(-25.886, 2.350, -9.760, 1)
switchPath(-25.886, 2.350, -9.760, 1)
switchPath(-25.804, 2.350, -7.705, 1)
switchPath(-25.804, 2.350, -7.705, 1)
switchPath(-18.439, 2.350, -8.843, 1)
switchPath(-23.749, 2.350, -6.567, 1)
switchPath(-23.749, 2.350, -6.567, 1)
ability(2)
reposition(-25.886, 2.350, -9.760, -18.072, 1.000, -2.461)
ability(2)
reposition(-25.804, 2.350, -7.705, -17.805, 1.000, -4.906)
switchPath(-18.439, 2.350, -8.843, 1)
place(25.354, 1.000, 11.956, "Mercenary Base", 2750)
task.wait(1)
switchPath(25.354, 0.975, 11.956, 1)
switchPath(25.354, 0.975, 11.956, 1)
place(20.736, 1.000, 12.051, "Mercenary Base", 2750)
task.wait(1)
switchPath(20.736, 0.975, 12.051, 1)
switchPath(20.736, 0.975, 12.051, 1)
switchUnit(20.736, 0.975, 12.051, "Unit 1", "Grenadier")
switchUnit(20.736, 0.975, 12.051, "Unit 2", "Grenadier")
place(-5.807, 1.000, 10.087, "Mercenary Base", 2750)
task.wait(1)
switchPath(-5.807, 0.975, 10.087, 1)
switchPath(-5.807, 0.975, 10.087, 1)
switchPath(25.354, 0.975, 11.956, 1)
switchPath(20.736, 0.975, 12.051, 1)
switchPath(-5.807, 0.975, 10.087, 1)
switchPath(25.354, 0.975, 11.956, 1)
switchPath(25.354, 0.975, 11.956, 1)
switchUnit(25.354, 0.975, 11.956, "Unit 3", "Field Medic")
switchPath(25.354, 0.975, 11.956, 1)
switchPath(20.736, 0.975, 12.051, 1)
switchUnit(20.736, 0.975, 12.051, "Unit 3", "Grenadier")
switchPath(20.736, 0.975, 12.051, 1)
switchPath(20.736, 0.975, 12.051, 1)
switchPath(-5.807, 0.975, 10.087, 1)
switchPath(-5.807, 0.975, 10.087, 1)
switchPath(-5.807, 0.975, 10.087, 1)
place(-8.478, 1.000, 7.438, "Engineer", 600)
task.wait(1)
switchPath(-8.478, 2.350, 7.438, 1)
switchPath(-8.478, 2.350, 7.438, 1)
switchPath(-8.478, 2.350, 7.438, 1)
switchPath(-8.478, 2.350, 7.438, 1)
switchPath(-8.478, 2.350, 7.438, 1)
switchPath(-8.478, 2.350, 7.438, 1)
place(-8.002, 1.000, 4.460, "Engineer", 600)
task.wait(1)
switchPath(-8.002, 2.350, 4.460, 1)
switchPath(-8.002, 2.350, 4.460, 1)
switchPath(-8.002, 2.350, 4.460, 1)
switchPath(-8.002, 2.350, 4.460, 1)
switchPath(-8.002, 2.350, 4.460, 1)
switchPath(-8.002, 2.350, 4.460, 1)
switchPath(-8.002, 2.350, 4.460, 1)
switchUnit(-5.807, 0.975, 10.087, "Unit 3", "Riot Guard")
switchUnit(-5.807, 0.975, 10.087, "Unit 2", "Riot Guard")
switchUnit(-5.807, 0.975, 10.087, "Unit 1", "Riot Guard")
switchUnit(20.736, 0.975, 12.051, "Unit 1", "Riot Guard")
switchUnit(20.736, 0.975, 12.051, "Unit 2", "Riot Guard")
switchUnit(20.736, 0.975, 12.051, "Unit 3", "Riot Guard")
switchUnit(25.354, 0.975, 11.956, "Unit 1", "Riot Guard")
switchUnit(25.354, 0.975, 11.956, "Unit 2", "Riot Guard")
ability(2)
ability(2)
ability(2)
ability(3)
ability(6)
airDropAbility(-5.807, 0.975, 10.087, 1, 99.364773, 5.250287, 1.125002, -0.339890, -0.907568, 0.000000, 0.419905, 0.000000, 1.000000, -0.000000, -0.419905, 0.000000)
ability(6)
ability(6)
airDropAbility(20.736, 0.975, 12.051, 1, 99.364773, 5.250287, 1.125002, -0.339890, -0.907568, 0.000000, 0.419905, 0.000000, 1.000000, -0.000000, -0.419905, 0.000000)
ability(6)
ability(6)
airDropAbility(25.354, 0.975, 11.956, 1, 99.364773, 5.308489, 1.125002, -0.339890, -0.901218, 0.000000, 0.433367, 0.000000, 1.000000, -0.000000, -0.433367, 0.000000)
ability(6)
airDropAbility(25.354, 0.975, 11.956, 1, 99.364773, 5.308489, 1.125002, -0.339890, -0.901218, 0.000000, 0.433367, 0.000000, 1.000000, -0.000000, -0.433367, 0.000000)
ability(6)
place(-8.152, 1.000, 1.286, "Engineer", 600)
task.wait(1)
switchPath(-8.152, 2.350, 1.286, 1)
switchPath(-8.152, 2.350, 1.286, 1)
switchPath(-8.152, 2.350, 1.286, 1)
switchPath(-8.152, 2.350, 1.286, 1)
switchPath(-8.152, 2.350, 1.286, 1)
switchPath(-8.152, 2.350, 1.286, 1)
place(-11.598, 1.000, 7.402, "Engineer", 600)
task.wait(1)
switchPath(-11.598, 2.350, 7.402, 1)
switchPath(-11.598, 2.350, 7.402, 1)
switchPath(-11.598, 2.350, 7.402, 1)
switchPath(-11.598, 2.350, 7.402, 1)
switchPath(-11.598, 2.350, 7.402, 1)
switchPath(-11.598, 2.350, 7.402, 1)
place(-11.680, 1.000, 4.261, "Engineer", 600)
task.wait(1)
switchPath(-11.680, 2.350, 4.261, 1)
switchPath(-11.680, 2.350, 4.261, 1)
switchPath(-11.680, 2.350, 4.261, 1)
switchPath(-11.680, 2.350, 4.261, 1)
switchPath(-11.680, 2.350, 4.261, 1)
switchPath(-11.680, 2.350, 4.261, 1)
place(-11.463, 1.000, 1.237, "Engineer", 600)
task.wait(1)
switchPath(-11.463, 2.350, 1.237, 1)
switchPath(-11.463, 2.350, 1.237, 1)
switchPath(-11.463, 2.350, 1.237, 1)
switchPath(-11.463, 2.350, 1.237, 1)
switchPath(-11.463, 2.350, 1.237, 1)
switchPath(-11.463, 2.350, 1.237, 1)
switchPath(-11.463, 2.350, 1.237, 1)
switchPath(-11.463, 2.350, 1.237, 1)
place(-2.295, 1.000, 2.448, "Engineer", 600)
task.wait(1)
switchPath(-15.852, 2.403, -9.306, 1)
switchPath(-15.852, 2.403, -9.306, 1)
switchPath(-15.852, 2.403, -9.306, 1)
place(-3.466, 1.000, -9.162, "Hacker", 1400)
task.wait(1)
switchPath(-3.466, 2.403, -9.162, 1)
switchPath(-3.466, 2.403, -9.162, 1)
switchPath(-3.466, 2.403, -9.162, 1)
switchPath(-3.466, 2.403, -9.162, 1)
switchPath(-3.466, 2.403, -9.162, 1)
ability(6)
airDropAbility(-5.807, 0.975, 10.087, 1, 101.452773, 1.929391, 1.125002, -0.339890, -0.890350, 0.000000, 0.455276, 0.000000, 1.000000, -0.000000, -0.455276, 0.000000)
ability(6)
airDropAbility(20.736, 0.975, 12.051, 1, 101.452773, 1.921153, 1.125002, -0.339890, -0.890957, 0.000000, 0.454087, 0.000000, 1.000000, -0.000000, -0.454087, 0.000000)
ability(6)
airDropAbility(25.354, 0.975, 11.956, 1, 101.452773, 1.921153, 1.125002, -0.339890, -0.890957, 0.000000, 0.454087, 0.000000, 1.000000, -0.000000, -0.454087, 0.000000)
ability(6)
hologramAbility(-3.466, 2.403, -9.162, "Fallen", -11.792, 1.000, -1.924)
hologramAbility(-15.852, 2.403, -9.306, "Fallen", -8.634, 1.000, -2.042)
ability(2)
hologramAbility(-3.466, 2.403, -9.162, "Fallen", -6.001, 1.000, -3.114)
hologramAbility(-3.466, 2.403, -9.162, "Fallen", -3.178, 1.000, -3.492)
ability(5)
ability(6)
airDropAbility(-5.807, 0.975, 10.087, 1, 88.904847, 9.621783, 1.125002, -4.157053, 0.684352, 0.000000, 0.729152, 0.000000, 1.000000, -0.000000, -0.729152, 0.000000)
ability(6)
ability(6)
ability(6)
ability(6)
ability(6)
airDropAbility(20.736, 0.975, 12.051, 1, 88.904847, 9.622493, 1.125002, -4.140034, 0.684803, 0.000000, 0.728728, 0.000000, 1.000000, -0.000000, -0.728728, 0.000000)
ability(6)
airDropAbility(25.354, 0.975, 11.956, 1, 88.904847, 9.623027, 1.125002, -4.127224, 0.685142, 0.000000, 0.728410, 0.000000, 1.000000, -0.000000, -0.728410, 0.000000)
ability(6)
airDropAbility(25.354, 0.975, 11.956, 1, 90.405183, 9.630618, 1.125002, -4.039049, 0.687360, 0.000000, 0.726317, 0.000000, 1.000000, -0.000000, -0.726317, 0.000000)
ability(6)
hologramAbility(-3.466, 2.403, -9.162, "Fallen", -5.174, 1.000, -3.323)
reposition(-25.886, 2.350, -9.760, 6.135, 1.000, -9.366)
ability(2)
reposition(-25.804, 2.350, -7.705, 6.911, 1.000, -11.645)
ability(2)
reposition(-18.439, 2.350, -8.843, 8.461, 1.000, -10.502)
ability(2)
reposition(-18.439, 2.350, -8.843, 8.412, 1.000, -9.547)
ability(2)
reposition(-20.589, 2.350, -12.158, 10.176, 1.000, -11.219)
ability(2)
reposition(-23.749, 2.350, -6.567, 11.923, 1.000, -9.681)
hologramAbility(-3.466, 2.403, -9.162, "Default", 8.834, 1.000, -16.989)
ability(2)
ability(2)
reposition(-25.886, 2.350, -9.760, 6.132, 1.000, -3.429)
ability(2)
reposition(-18.439, 2.350, -8.843, 6.621, 1.000, -3.546)
ability(2)
reposition(-18.439, 2.350, -8.843, 6.982, 1.000, -3.664)
ability(2)
ability(2)
reposition(-18.439, 2.350, -8.843, 7.093, 1.000, -5.267)
ability(2)
reposition(-25.804, 2.350, -7.705, 6.888, 1.000, -5.763)
ability(2)
reposition(-25.804, 2.350, -7.705, 6.863, 1.000, -5.750)
ability(2)
reposition(-25.804, 2.350, -7.705, 6.671, 1.000, -6.801)
ability(2)
activateAbility(-25.804, 2.350, -7.705, "Reposition")
