
place(8.954, 1.000, 5.435, "Soldier", 500)
place(9.048, 1.000, 2.236, "Soldier", 500)
place(8.930, 1.000, -0.865, "Soldier", 500)
task.wait(1)
upgrade(8.954, 2.350, 5.435, 250)
upgrade(9.048, 2.350, 2.236, 250)
upgrade(8.930, 2.350, -0.865, 250)
upgrade(8.930, 2.350, -0.865, 800)
upgrade(9.048, 2.350, 2.236, 800)
upgrade(8.954, 2.350, 5.435, 800)
place(8.908, 1.000, -3.949, "Soldier", 500)
task.wait(1)
upgrade(8.908, 2.350, -3.949, 250)
upgrade(8.908, 2.350, -3.949, 800)
place(11.933, 1.000, -4.069, "Soldier", 500)
task.wait(1)
upgrade(11.933, 2.350, -4.069, 250)
upgrade(11.933, 2.350, -4.069, 800)
place(12.009, 1.000, -0.975, "Soldier", 500)
task.wait(1)
upgrade(12.009, 2.350, -0.975, 250)
upgrade(12.009, 2.350, -0.975, 800)
place(12.106, 1.000, 2.075, "Soldier", 500)
task.wait(1)
upgrade(12.106, 2.350, 2.075, 250)
upgrade(12.106, 2.350, 2.075, 800)
place(12.097, 1.000, 5.271, "Soldier", 500)
task.wait(1)
upgrade(12.097, 2.350, 5.271, 250)
upgrade(12.097, 2.350, 5.271, 800)
place(15.236, 1.000, 12.034, "Electroshocker", 725)
task.wait(1)
upgrade(15.236, 2.350, 12.034, 300)
upgrade(15.236, 2.350, 12.034, 600)
upgrade(15.236, 2.350, 12.034, 2000)
place(15.545, 1.000, 8.746, "Electroshocker", 725)
task.wait(1)
upgrade(15.545, 2.350, 8.746, 300)
upgrade(15.545, 2.350, 8.746, 600)
upgrade(15.545, 2.350, 8.746, 2000)
place(15.124, 1.000, 5.514, "Soldier", 500)
task.wait(1)
upgrade(15.124, 2.350, 5.514, 250)
upgrade(15.124, 2.350, 5.514, 800)
place(15.150, 1.000, 2.491, "Soldier", 500)
task.wait(1)
upgrade(15.150, 2.350, 2.491, 250)
upgrade(15.150, 2.350, 2.491, 800)
place(15.028, 1.000, -0.625, "Soldier", 500)
task.wait(1)
upgrade(15.028, 2.350, -0.625, 250)
upgrade(15.028, 2.350, -0.625, 800)
place(14.952, 1.000, -3.809, "Soldier", 500)
task.wait(1)
upgrade(14.952, 2.350, -3.809, 250)
upgrade(14.952, 2.350, -3.809, 800)
place(12.298, 1.000, 8.361, "Hacker", 1400)
task.wait(1)
upgrade(12.298, 2.351, 8.361, 600)
upgrade(12.298, 2.351, 8.361, 1250)
place(13.610, 1.000, -6.559, "Hacker", 1400)
task.wait(1)
upgrade(13.610, 2.351, -6.559, 600)
upgrade(13.610, 2.351, -6.559, 1250)
upgrade(8.954, 2.350, 5.435, 5750)
upgrade(9.048, 2.350, 2.236, 5750)
upgrade(8.930, 2.350, -0.865, 5750)
upgrade(8.908, 2.350, -3.949, 5750)
place(22.283, 1.000, -8.362, "Military Base", 400)
task.wait(1)
upgrade(22.283, 1.000, -8.362, 200)
upgrade(22.283, 1.000, -8.362, 400)
upgrade(22.283, 1.000, -8.362, 1750)
upgrade(22.283, 1.000, -8.362, 7500)
place(22.171, 1.000, -3.529, "Military Base", 400)
task.wait(1)
upgrade(22.171, 1.000, -3.529, 200)
upgrade(22.171, 1.000, -3.529, 400)
upgrade(22.171, 1.000, -3.529, 1750)
upgrade(22.171, 1.000, -3.529, 7500)
place(22.413, 1.000, 1.091, "Military Base", 400)
task.wait(1)
upgrade(22.413, 1.000, 1.091, 200)
upgrade(22.413, 1.000, 1.091, 400)
upgrade(22.413, 1.000, 1.091, 1750)
upgrade(22.413, 1.000, 1.091, 7500)
upgrade(12.097, 2.350, 5.271, 5750)
upgrade(12.106, 2.350, 2.075, 5750)
upgrade(12.009, 2.350, -0.975, 5750)
upgrade(11.933, 2.350, -4.069, 5750)
upgrade(15.545, 2.350, 8.746, 5000)
upgrade(15.236, 2.350, 12.034, 5000)
place(22.563, 1.000, -13.105, "Military Base", 400)
task.wait(1)
upgrade(22.563, 1.000, -13.105, 200)
upgrade(22.563, 1.000, -13.105, 400)
upgrade(22.563, 1.000, -13.105, 1750)
upgrade(22.563, 1.000, -13.105, 7500)
place(22.460, 1.000, -20.078, "Military Base", 400)
task.wait(1)
upgrade(22.460, 1.000, -20.078, 200)
upgrade(22.460, 1.000, -20.078, 400)
upgrade(22.460, 1.000, -20.078, 1750)
upgrade(22.460, 1.000, -20.078, 7500)
place(15.238, 1.000, -9.155, "Electroshocker", 725)
task.wait(1)
upgrade(15.238, 2.350, -9.155, 300)
upgrade(15.238, 2.350, -9.155, 600)
upgrade(15.238, 2.350, -9.155, 2000)
upgrade(15.238, 2.350, -9.155, 5000)
place(11.817, 1.000, -9.181, "Electroshocker", 725)
task.wait(1)
upgrade(11.817, 2.350, -9.181, 300)
upgrade(11.817, 2.350, -9.181, 600)
upgrade(11.817, 2.350, -9.181, 2000)
upgrade(11.817, 2.350, -9.181, 5000)
upgrade(14.952, 2.350, -3.809, 5750)
upgrade(15.028, 2.350, -0.625, 5750)
upgrade(15.150, 2.350, 2.491, 5750)
upgrade(15.124, 2.350, 5.514, 5750)
place(3.721, 1.000, 0.408, "Engineer", 600)
task.wait(1)
upgrade(3.721, 2.350, 0.408, 350)
upgrade(3.721, 2.350, 0.408, 550)
upgrade(3.721, 2.350, 0.408, 2250)
upgrade(3.721, 2.350, 0.408, 4750)
upgrade(3.721, 2.350, 0.408, 13500)
place(3.651, 1.000, -2.701, "Engineer", 600)
task.wait(1)
upgrade(3.651, 2.350, -2.701, 350)
upgrade(3.651, 2.350, -2.701, 550)
upgrade(3.651, 2.350, -2.701, 2250)
upgrade(3.651, 2.350, -2.701, 4750)
upgrade(3.651, 2.350, -2.701, 13500)
place(3.752, 1.000, -5.721, "Engineer", 600)
task.wait(1)
upgrade(3.752, 2.350, -5.721, 350)
upgrade(3.752, 2.350, -5.721, 550)
upgrade(3.752, 2.350, -5.721, 2250)
upgrade(3.752, 2.350, -5.721, 4750)
upgrade(3.752, 2.350, -5.721, 13500)
upgrade(3.752, 2.350, -5.721, 35000)
place(3.730, 1.000, -8.811, "Engineer", 600)
task.wait(1)
upgrade(3.730, 2.350, -8.811, 350)
upgrade(3.730, 2.350, -8.811, 550)
upgrade(3.730, 2.350, -8.811, 2250)
upgrade(3.730, 2.350, -8.811, 4750)
upgrade(3.730, 2.350, -8.811, 13500)
place(0.495, 1.000, 0.403, "Engineer", 600)
task.wait(1)
upgrade(0.495, 2.350, 0.403, 350)
upgrade(0.495, 2.350, 0.403, 550)
upgrade(0.495, 2.350, 0.403, 2250)
upgrade(0.495, 2.350, 0.403, 4750)
upgrade(0.495, 2.350, 0.403, 13500)
upgrade(0.495, 2.350, 0.403, 35000)
place(0.558, 1.000, -2.712, "Engineer", 600)
task.wait(1)
upgrade(0.558, 2.350, -2.712, 350)
upgrade(0.558, 2.350, -2.712, 550)
upgrade(0.558, 2.350, -2.712, 2250)
upgrade(0.558, 2.350, -2.712, 4750)
upgrade(0.558, 2.350, -2.712, 13500)
place(0.720, 1.000, -5.780, "Engineer", 600)
place(0.657, 1.000, -6.138, "Engineer", 600)
task.wait(1)
upgrade(22.413, 1.000, 1.091, 25000)
upgrade(22.171, 1.000, -3.529, 25000)
upgrade(22.283, 1.000, -8.362, 25000)
upgrade(22.563, 1.000, -13.105, 25000)
upgrade(22.460, 1.000, -20.078, 25000)
upgrade(3.721, 2.350, 0.408, 35000)
upgrade(0.495, 2.350, 0.403, 36471)
upgrade(0.558, 2.350, -2.712, 35000)
upgrade(3.651, 2.350, -2.701, 35000)
upgrade(3.752, 2.350, -5.721, 41123)
upgrade(3.730, 2.350, -8.811, 35000)
upgrade(15.545, 2.350, 8.746, 15000)
upgrade(15.236, 2.350, 12.034, 15000)
upgrade(12.298, 2.351, 8.361, 7500)
upgrade(12.298, 2.351, 8.361, 22000)
upgrade(15.238, 2.350, -9.155, 15000)
upgrade(11.817, 2.350, -9.181, 15000)
upgrade(13.610, 2.351, -6.559, 7500)
upgrade(13.610, 2.351, -6.559, 22000)
upgrade(8.954, 2.350, 5.435, 14500)
upgrade(9.048, 2.350, 2.236, 14500)
upgrade(8.930, 2.350, -0.865, 14500)
upgrade(8.908, 2.350, -3.949, 14500)
upgrade(11.933, 2.350, -4.069, 14500)
upgrade(12.009, 2.350, -0.975, 14500)
upgrade(12.106, 2.350, 2.075, 14500)
upgrade(12.097, 2.350, 5.271, 14500)
upgrade(15.124, 2.350, 5.514, 14500)
upgrade(15.150, 2.350, 2.491, 14500)
upgrade(15.028, 2.350, -0.625, 14500)
upgrade(14.952, 2.350, -3.809, 14500)
place(-2.430, 1.000, 1.118, "Soldier", 500)
task.wait(1)
upgrade(-2.430, 2.350, 1.118, 250)
upgrade(-2.430, 2.350, 1.118, 800)
upgrade(-2.430, 2.350, 1.118, 5750)
upgrade(-2.430, 2.350, 1.118, 14500)
place(-2.696, 1.000, -1.873, "Soldier", 500)
task.wait(1)
upgrade(-2.696, 2.350, -1.873, 250)
upgrade(-2.696, 2.350, -1.873, 800)
upgrade(-2.696, 2.350, -1.873, 5750)
upgrade(-2.696, 2.350, -1.873, 14500)
place(-2.293, 1.000, -5.128, "Soldier", 500)
task.wait(1)
upgrade(-2.293, 2.350, -5.128, 250)
upgrade(-2.293, 2.350, -5.128, 800)
upgrade(-2.293, 2.350, -5.128, 5750)
upgrade(-2.293, 2.350, -5.128, 14500)
place(-2.236, 1.000, -8.203, "Soldier", 500)
task.wait(1)
upgrade(-2.236, 2.350, -8.203, 250)
upgrade(-2.236, 2.350, -8.203, 800)
upgrade(-2.236, 2.350, -8.203, 5750)
upgrade(-2.236, 2.350, -8.203, 14500)
place(-2.496, 1.000, -11.311, "Soldier", 500)
task.wait(1)
upgrade(-2.496, 2.350, -11.311, 250)
upgrade(-2.496, 2.350, -11.311, 800)
upgrade(-2.496, 2.350, -11.311, 5750)
upgrade(-2.496, 2.350, -11.311, 14500)
place(-2.440, 1.000, -14.376, "Soldier", 500)
task.wait(1)
upgrade(-2.440, 2.350, -14.376, 250)
upgrade(-2.440, 2.350, -14.376, 800)
upgrade(-2.440, 2.350, -14.376, 5750)
upgrade(-2.440, 2.350, -14.376, 14500)
