place(-20.383, 1.000, -11.943, "Brawler", 600)
task.wait(1)
upgrade(-20.383, 2.350, -11.943, 300)
place(-25.944, 1.000, 5.411, "Farm", 250)
task.wait(1)
upgrade(-25.944, 2.317, 5.411, 200)
upgrade(-25.944, 2.317, 5.411, 550)
place(-28.934, 1.000, 8.469, "Farm", 250)
place(-23.937, 1.000, -6.287, "Brawler", 600)
task.wait(1)
upgrade(-28.934, 2.317, 8.469, 200)
upgrade(-28.934, 2.317, 8.469, 550)
place(-26.338, 1.000, -7.782, "Brawler", 600)
task.wait(1)
upgrade(-26.338, 2.350, -7.782, 300)
place(-18.311, 1.000, -11.838, "Brawler", 600)
place(-18.250, 1.000, -9.557, "Brawler", 600)
place(-26.377, 1.000, -9.822, "Brawler", 600)
task.wait(1)
upgrade(-23.937, 2.350, -6.287, 300)
upgrade(-18.250, 2.350, -9.557, 300)
upgrade(-18.311, 2.350, -11.838, 300)
upgrade(-26.377, 2.350, -9.822, 300)
place(-23.188, 1.000, 9.176, "Farm", 250)
task.wait(1)
upgrade(-23.188, 2.317, 9.176, 200)
upgrade(-23.188, 2.317, 9.176, 550)
place(-22.073, 1.000, 5.829, "Farm", 250)
task.wait(1)
upgrade(-22.073, 2.317, 5.829, 200)
upgrade(-22.073, 2.317, 5.829, 550)
place(-26.268, 1.000, 12.094, "Farm", 250)
task.wait(1)
upgrade(-26.268, 2.317, 12.094, 200)
upgrade(-26.268, 2.317, 12.094, 550)
place(-30.513, 1.000, 12.902, "Farm", 250)
task.wait(1)
upgrade(-30.513, 2.317, 12.902, 200)
upgrade(-30.513, 2.317, 12.902, 550)
place(-22.411, 1.000, 13.801, "Farm", 250)
task.wait(1)
upgrade(-22.411, 2.317, 13.801, 200)
upgrade(-22.411, 2.317, 13.801, 550)
place(-15.457, 1.000, -9.770, "Hacker", 1400)
task.wait(1)
upgrade(-15.457, 2.403, -9.770, 600)
upgrade(-15.457, 2.403, -9.770, 1250)
upgrade(-22.073, 2.317, 5.829, 1000)
upgrade(-23.188, 2.317, 9.176, 1000)
upgrade(-22.411, 2.317, 13.801, 1000)
upgrade(-26.268, 2.317, 12.094, 1000)
upgrade(-30.513, 2.317, 12.902, 1000)
upgrade(-28.934, 2.317, 8.469, 1000)
upgrade(-25.944, 2.317, 5.411, 1000)
upgrade(-18.250, 2.350, -9.557, 850)
upgrade(-23.937, 2.350, -6.287, 850)
upgrade(-18.311, 2.350, -11.838, 850)
upgrade(-20.383, 2.350, -11.943, 850)
upgrade(-26.338, 2.350, -7.782, 850)
upgrade(-26.377, 2.350, -9.822, 850)
upgrade(-20.383, 2.350, -11.943, 850)
upgrade(-20.383, 2.350, -11.943, 2000)
upgrade(-26.377, 2.350, -9.822, 2000)
upgrade(-26.377, 2.350, -9.822, 5000)
upgrade(-26.338, 2.350, -7.782, 2000)
upgrade(-26.338, 2.350, -7.782, 5000)
upgrade(-18.311, 2.350, -11.838, 2000)
upgrade(-18.311, 2.350, -11.838, 5000)
upgrade(-23.937, 2.350, -6.287, 2000)
upgrade(-23.937, 2.350, -6.287, 5000)
upgrade(-18.250, 2.350, -9.557, 2000)
upgrade(-18.250, 2.350, -9.557, 5000)
task.wait(0.5)
reposition(-23.937, 2.350, -6.287, -18.251, 1.000, -3.025)
reposition(-26.377, 2.350, -9.822, -18.223, 1.000, -5.431)
place(25.049, 1.000, 12.132, "Mercenary Base", 2750)
task.wait(1)
upgrade(25.049, 0.975, 12.132, 1350)
upgrade(25.049, 0.975, 12.132, 2750)
upgrade(25.049, 0.975, 12.132, 7500)
place(20.465, 1.000, 11.966, "Mercenary Base", 2750)
task.wait(1)
upgrade(20.465, 0.975, 11.966, 1350)
upgrade(20.465, 0.975, 11.966, 2750)
upgrade(20.465, 0.975, 11.966, 7500)
place(-6.253, 1.000, 9.400, "Mercenary Base", 2750)
task.wait(1)
upgrade(-6.253, 0.975, 9.400, 1350)
upgrade(-6.253, 0.975, 9.400, 2750)
upgrade(-6.253, 0.975, 9.400, 7500)
task.wait(0.5)
reposition(-26.338, 2.350, -7.782, -24.125, 1.000, -6.465)
upgrade(25.049, 0.975, 12.132, 10000)
upgrade(25.049, 0.975, 12.132, 13500)
task.wait(0.5)
switchUnit(25.049, 0.975, 12.132, "Unit 3", "Field Medic")
upgrade(25.049, 0.975, 12.132, 36000)
upgrade(20.465, 0.975, 11.966, 10000)
task.wait(0.5)
switchUnit(20.465, 0.975, 11.966, "Unit 1", "Grenadier")
switchUnit(20.465, 0.975, 11.966, "Unit 2", "Grenadier")
switchUnit(20.465, 0.975, 11.966, "Unit 3", "Grenadier")
upgrade(20.465, 0.975, 11.966, 13500)
upgrade(20.465, 0.975, 11.966, 36000)
upgrade(-6.253, 0.975, 9.400, 10000)
upgrade(-6.253, 0.975, 9.400, 13500)
upgrade(-6.253, 0.975, 9.400, 36000)
task.wait(0.5)
airDropAbility(-6.253, 0.975, 9.400, 1, 132.072360, 8.357122, 1.125002, 6.501207, 0.001878, 0.000000, 0.999998, 0.000000, 1.000000, -0.000000, -0.999998, 0.000000)
airDropAbility(20.465, 0.975, 11.966, 1, 132.072360, 8.774858, 1.125002, 6.503348, 0.001987, 0.000000, 0.999998, 0.000000, 1.000000, -0.000000, -0.999998, 0.000000)
place(-8.047, 1.000, 5.544, "Engineer", 600)
task.wait(1)
upgrade(-8.047, 2.350, 5.544, 350)
upgrade(-8.047, 2.350, 5.544, 550)
upgrade(-8.047, 2.350, 5.544, 2250)
upgrade(-8.047, 2.350, 5.544, 4750)
upgrade(-8.047, 2.350, 5.544, 13500)
upgrade(-8.047, 2.350, 5.544, 35000)
place(-7.876, 1.000, 2.043, "Engineer", 600)
task.wait(1)
upgrade(-7.876, 2.350, 2.043, 350)
upgrade(-7.876, 2.350, 2.043, 550)
upgrade(-7.876, 2.350, 2.043, 2250)
upgrade(-7.876, 2.350, 2.043, 4750)
upgrade(-7.876, 2.350, 2.043, 13500)
upgrade(-7.876, 2.350, 2.043, 35000)
task.wait(0.5)
switchUnit(-6.253, 0.975, 9.400, "Unit 3", "Riot Guard")
switchUnit(-6.253, 0.975, 9.400, "Unit 2", "Riot Guard")
switchUnit(-6.253, 0.975, 9.400, "Unit 1", "Riot Guard")
switchUnit(20.465, 0.975, 11.966, "Unit 3", "Riot Guard")
switchUnit(20.465, 0.975, 11.966, "Unit 2", "Riot Guard")
switchUnit(20.465, 0.975, 11.966, "Unit 1", "Riot Guard")
switchUnit(25.049, 0.975, 12.132, "Unit 2", "Riot Guard")
switchUnit(25.049, 0.975, 12.132, "Unit 1", "Riot Guard")
place(-11.026, 1.000, 5.154, "Engineer", 600)
task.wait(1)
upgrade(-11.026, 2.350, 5.154, 350)
upgrade(-11.026, 2.350, 5.154, 550)
upgrade(-11.026, 2.350, 5.154, 2250)
upgrade(-11.026, 2.350, 5.154, 4750)
upgrade(-11.026, 2.350, 5.154, 13500)
upgrade(-11.026, 2.350, 5.154, 35000)
place(-11.757, 1.000, 2.029, "Engineer", 600)
task.wait(1)
upgrade(-11.757, 2.350, 2.029, 350)
upgrade(-11.757, 2.350, 2.029, 550)
upgrade(-11.757, 2.350, 2.029, 2250)
upgrade(-11.757, 2.350, 2.029, 4750)
upgrade(-11.757, 2.350, 2.029, 13500)
upgrade(-11.757, 2.350, 2.029, 35000)
place(-10.360, 1.000, 9.230, "Engineer", 600)
task.wait(1)
upgrade(-10.360, 2.350, 9.230, 350)
upgrade(-10.360, 2.350, 9.230, 550)
upgrade(-10.360, 2.350, 9.230, 2250)
upgrade(-10.360, 2.350, 9.230, 4750)
upgrade(-10.360, 2.350, 9.230, 13500)
upgrade(-10.360, 2.350, 9.230, 35000)
place(-13.205, 1.000, 7.452, "Engineer", 600)
task.wait(1)
upgrade(-13.205, 2.350, 7.452, 350)
upgrade(-13.205, 2.350, 7.452, 550)
upgrade(-13.205, 2.350, 7.452, 2250)
upgrade(-13.205, 2.350, 7.452, 4750)
upgrade(-13.205, 2.350, 7.452, 13500)
upgrade(-13.205, 2.350, 7.452, 35000)
task.wait(0.5)
switchUnit(-6.253, 0.975, 9.400, "Unit 3", "Rifleman")
switchUnit(-6.253, 0.975, 9.400, "Unit 2", "Rifleman")
switchUnit(-6.253, 0.975, 9.400, "Unit 2", "Grenadier")
switchUnit(-6.253, 0.975, 9.400, "Unit 1", "Grenadier")
switchUnit(-6.253, 0.975, 9.400, "Unit 2", "Rifleman")
switchUnit(-6.253, 0.975, 9.400, "Unit 1", "Rifleman")
switchUnit(-6.253, 0.975, 9.400, "Unit 3", "Riot Guard")
switchUnit(-6.253, 0.975, 9.400, "Unit 2", "Riot Guard")
switchUnit(-6.253, 0.975, 9.400, "Unit 1", "Riot Guard")
airDropAbility(-6.253, 0.975, 9.400, 1, 99.364773, 3.989568, 1.125002, -0.339890, -0.981659, 0.000000, 0.190643, 0.000000, 1.000000, -0.000000, -0.190643, 0.000000)
airDropAbility(20.465, 0.975, 11.966, 1, 99.364773, 4.172388, 1.125002, -0.339890, -0.978547, 0.000000, 0.206022, 0.000000, 1.000000, -0.000000, -0.206022, 0.000000)
airDropAbility(25.049, 0.975, 12.132, 1, 99.364773, 4.035864, 1.125002, -0.339890, -0.980892, 0.000000, 0.194552, 0.000000, 1.000000, -0.000000, -0.194552, 0.000000)
upgrade(-15.457, 2.403, -9.770, 7500)
upgrade(-15.457, 2.403, -9.770, 22000)
upgrade(-15.457, 2.403, -9.770, 63500)
place(-8.454, 1.000, -2.049, "Hacker", 1400)
task.wait(1)
upgrade(-8.454, 2.403, -2.049, 600)
upgrade(-8.454, 2.403, -2.049, 1250)
upgrade(-8.454, 2.403, -2.049, 7500)
upgrade(-8.454, 2.403, -2.049, 22000)
upgrade(-8.454, 2.403, -2.049, 63500)
task.wait(0.5)
airDropAbility(-6.253, 0.975, 9.400, 1, 104.908773, -0.739724, 1.125002, -0.339890, -0.172542, 0.000000, 0.985002, 0.000000, 1.000000, -0.000000, -0.985002, 0.000000)
airDropAbility(20.465, 0.975, 11.966, 1, 110.875222, -23.352266, 1.125002, -12.010536, -0.822168, 0.000000, -0.569244, 0.000000, 1.000000, -0.000000, 0.569244, -0.000000)
airDropAbility(25.049, 0.975, 12.132, 1, 105.946833, -2.724828, 1.125002, -0.401279, -0.207807, 0.000000, 0.978170, 0.000000, 1.000000, -0.000000, -0.978170, 0.000000)
hologramAbility(-8.454, 2.403, -2.049, "Fallen", -11.945, 1.000, -2.964)
hologramAbility(-15.457, 2.403, -9.770, "Fallen", -1.862, 1.000, 2.847)
reposition(-23.937, 2.350, -6.287, 3.052, 1.000, 2.455)
reposition(-26.377, 2.350, -9.822, 6.567, 1.000, 2.950)
reposition(-18.250, 2.350, -9.557, 4.422, 1.000, -3.357)
reposition(-18.311, 2.350, -11.838, 3.441, 1.000, 9.745)
reposition(-20.383, 2.350, -11.943, 0.446, 1.000, 10.451)
reposition(-23.937, 2.350, -6.287, -1.663, 1.000, 10.384)
reposition(-26.377, 2.350, -9.822, 6.742, 1.000, 10.000)
reposition(-18.311, 2.350, -11.838, 4.661, 1.000, 3.364)
airDropAbility(-6.253, 0.975, 9.400, 1, 137.610358, 16.231995, 1.125002, 7.429064, -0.931099, 0.000000, 0.364766, 0.000000, 1.000000, -0.000000, -0.364766, 0.000000)
airDropAbility(20.465, 0.975, 11.966, 1, 140.596275, 16.945698, 1.125002, 10.249076, -0.803065, 0.000000, 0.595891, 0.000000, 1.000000, -0.000000, -0.595891, 0.000000)
airDropAbility(25.049, 0.975, 12.132, 1, 144.075492, -1.955992, 1.125002, -0.339890, -0.809806, 0.000000, -0.586697, 0.000000, 1.000000, -0.000000, 0.586697, -0.000000)
airDropAbility(-6.253, 0.975, 9.400, 1, 144.733502, 17.306561, 1.125002, 14.270226, -0.178704, 0.000000, 0.983903, 0.000000, 1.000000, -0.000000, -0.983903, 0.000000)
