place(-20.383, 1.000, -11.943, "Brawler", 660)
task.wait(0.5)
upgrade(-20.383, 2.350, -11.943, 424)
place(-25.944, 1.000, 5.411, "Farm", 253)
task.wait(0.5)
upgrade(-25.944, 2.317, 5.411, 672)
upgrade(-25.944, 2.317, 5.411, 572)
place(-28.934, 1.000, 8.469, "Farm", 567)
place(-23.937, 1.000, -6.287, "Brawler", 806)
task.wait(0.5)
upgrade(-28.934, 2.317, 8.469, 271)
upgrade(-28.934, 2.317, 8.469, 671)
place(-26.338, 1.000, -7.782, "Brawler", 841)
task.wait(0.5)
upgrade(-26.338, 2.350, -7.782, 401)
place(-18.311, 1.000, -11.838, "Brawler", 1125)
place(-18.250, 1.000, -9.557, "Brawler", 1345)
place(-26.377, 1.000, -9.822, "Brawler", 1896)
task.wait(0.5)
upgrade(-23.937, 2.350, -6.287, 1820)
upgrade(-18.250, 2.350, -9.557, 1520)
upgrade(-18.311, 2.350, -11.838, 1220)
upgrade(-26.377, 2.350, -9.822, 920)
place(-23.188, 1.000, 9.176, "Farm", 1062)
task.wait(0.5)
upgrade(-23.188, 2.317, 9.176, 1443)
upgrade(-23.188, 2.317, 9.176, 1399)
place(-22.073, 1.000, 5.829, "Farm", 1163)
task.wait(0.5)
upgrade(-22.073, 2.317, 5.829, 913)
upgrade(-22.073, 2.317, 5.829, 1438)
place(-26.268, 1.000, 12.094, "Farm", 1573)
task.wait(0.5)
upgrade(-26.268, 2.317, 12.094, 1563)
upgrade(-26.268, 2.317, 12.094, 1363)
place(-30.513, 1.000, 12.902, "Farm", 893)
task.wait(0.5)
upgrade(-30.513, 2.317, 12.902, 723)
upgrade(-30.513, 2.317, 12.902, 1381)
place(-22.411, 1.000, 13.801, "Farm", 1186)
task.wait(0.5)
upgrade(-22.411, 2.317, 13.801, 2566)
upgrade(-22.411, 2.317, 13.801, 2366)
place(-15.457, 1.000, -9.770, "Hacker", 2096)
task.wait(0.5)
upgrade(-15.457, 2.403, -9.770, 1723)
upgrade(-15.457, 2.403, -9.770, 1501)
upgrade(-22.073, 2.317, 5.829, 2142)
upgrade(-23.188, 2.317, 9.176, 1670)
upgrade(-22.411, 2.317, 13.801, 1104)
upgrade(-26.268, 2.317, 12.094, 1132)
upgrade(-30.513, 2.317, 12.902, 3293)
upgrade(-28.934, 2.317, 8.469, 2293)
upgrade(-25.944, 2.317, 5.411, 1293)
upgrade(-18.250, 2.350, -9.557, 1253)
upgrade(-23.937, 2.350, -6.287, 1952)
upgrade(-18.311, 2.350, -11.838, 1545)
upgrade(-20.383, 2.350, -11.943, 4195)
upgrade(-26.338, 2.350, -7.782, 3345)
upgrade(-26.377, 2.350, -9.822, 2932)
upgrade(-20.383, 2.350, -11.943, 2701)
upgrade(-20.383, 2.350, -11.943, 6307)
upgrade(-26.377, 2.350, -9.822, 2216)
upgrade(-26.377, 2.350, -9.822, 6847)
upgrade(-26.338, 2.350, -7.782, 2341)
upgrade(-26.338, 2.350, -7.782, 7459)
upgrade(-18.311, 2.350, -11.838, 3147)
upgrade(-18.311, 2.350, -11.838, 5011)
upgrade(-23.937, 2.350, -6.287, 4318)
upgrade(-23.937, 2.350, -6.287, 5653)
upgrade(-18.250, 2.350, -9.557, 2853)
task.wait(0.5)
reposition(-23.937, 2.350, -6.287, -18.251, 1.000, -3.025)
reposition(-26.377, 2.350, -9.822, -18.223, 1.000, -5.431)
place(25.049, 1.000, 12.132, "Mercenary Base", 16665)
task.wait(0.5)
upgrade(25.049, 0.975, 12.132, 14571)
upgrade(25.049, 0.975, 12.132, 13335)
upgrade(25.049, 0.975, 12.132, 10935)
place(20.465, 1.000, 11.966, "Mercenary Base", 12167)
task.wait(0.5)
upgrade(20.465, 0.975, 11.966, 8798)
upgrade(20.465, 0.975, 11.966, 8507)
upgrade(20.465, 0.975, 11.966, 7962)
place(-6.253, 1.000, 9.400, "Mercenary Base", 11608)
task.wait(0.5)
upgrade(-6.253, 0.975, 9.400, 8871)
upgrade(-6.253, 0.975, 9.400, 7521)
upgrade(-6.253, 0.975, 9.400, 13184)
task.wait(0.5)
reposition(-26.338, 2.350, -7.782, -24.125, 1.000, -6.465)
upgrade(25.049, 0.975, 12.132, 11572)
upgrade(25.049, 0.975, 12.132, 14465)
task.wait(0.5)
switchUnit(25.049, 0.975, 12.132, "Unit 3", "Field Medic")
upgrade(25.049, 0.975, 12.132, 39194)
upgrade(20.465, 0.975, 11.966, 10014)
task.wait(0.5)
switchUnit(20.465, 0.975, 11.966, "Unit 1", "Grenadier")
switchUnit(20.465, 0.975, 11.966, "Unit 2", "Grenadier")
switchUnit(20.465, 0.975, 11.966, "Unit 3", "Grenadier")
upgrade(20.465, 0.975, 11.966, 15672)
upgrade(20.465, 0.975, 11.966, 36974)
upgrade(-6.253, 0.975, 9.400, 10424)
upgrade(-6.253, 0.975, 9.400, 13603)
upgrade(-6.253, 0.975, 9.400, 39887)
task.wait(0.5)
airDropAbility(-6.253, 0.975, 9.400, 1, 132.072360, 8.357122, 1.125002, 6.501207, 0.001878, 0.000000, 0.999998, 0.000000, 1.000000, -0.000000, -0.999998, 0.000000)
airDropAbility(20.465, 0.975, 11.966, 1, 132.072360, 8.774858, 1.125002, 6.503348, 0.001987, 0.000000, 0.999998, 0.000000, 1.000000, -0.000000, -0.999998, 0.000000)
place(-8.047, 1.000, 5.544, "Engineer", 70311)
task.wait(0.5)
upgrade(-8.047, 2.350, 5.544, 74661)
upgrade(-8.047, 2.350, 5.544, 75942)
upgrade(-8.047, 2.350, 5.544, 75415)
upgrade(-8.047, 2.350, 5.544, 73180)
upgrade(-8.047, 2.350, 5.544, 68426)
upgrade(-8.047, 2.350, 5.544, 55132)
upgrade(-8.047, 2.350, 5.544, 21937)
place(-7.876, 1.000, 2.043, "Engineer", 62366)
task.wait(0.5)
upgrade(-7.876, 2.350, 2.043, 65423)
upgrade(-7.876, 2.350, 2.043, 65073)
upgrade(-7.876, 2.350, 2.043, 64526)
upgrade(-7.876, 2.350, 2.043, 62307)
upgrade(-7.876, 2.350, 2.043, 60831)
upgrade(-7.876, 2.350, 2.043, 47448)
task.wait(0.5)
switchUnit(-6.253, 0.975, 9.400, "Unit 3", "Riot Guard")
switchUnit(-6.253, 0.975, 9.400, "Unit 2", "Riot Guard")
switchUnit(-6.253, 0.975, 9.400, "Unit 1", "Riot Guard")
switchUnit(20.465, 0.975, 11.966, "Unit 3", "Riot Guard")
switchUnit(20.465, 0.975, 11.966, "Unit 2", "Riot Guard")
switchUnit(20.465, 0.975, 11.966, "Unit 1", "Riot Guard")
switchUnit(25.049, 0.975, 12.132, "Unit 2", "Riot Guard")
switchUnit(25.049, 0.975, 12.132, "Unit 1", "Riot Guard")
place(-11.026, 1.000, 5.154, "Engineer", 83031)
task.wait(0.5)
upgrade(-11.026, 2.350, 5.154, 92831)
upgrade(-11.026, 2.350, 5.154, 92482)
upgrade(-11.026, 2.350, 5.154, 95229)
upgrade(-11.026, 2.350, 5.154, 96896)
upgrade(-11.026, 2.350, 5.154, 96820)
upgrade(-11.026, 2.350, 5.154, 83328)
upgrade(-11.026, 2.350, 5.154, 83328)
upgrade(-11.026, 2.350, 5.154, 50538)
place(-11.757, 1.000, 2.029, "Engineer", 116732)
task.wait(0.5)
upgrade(-11.757, 2.350, 2.029, 130632)
upgrade(-11.757, 2.350, 2.029, 130282)
upgrade(-11.757, 2.350, 2.029, 149410)
upgrade(-11.757, 2.350, 2.029, 147188)
upgrade(-11.757, 2.350, 2.029, 139987)
upgrade(-11.757, 2.350, 2.029, 139933)
upgrade(-11.757, 2.350, 2.029, 111255)
upgrade(-11.757, 2.350, 2.029, 111257)
place(-10.360, 1.000, 9.230, "Engineer", 140457)
task.wait(0.5)
upgrade(-10.360, 2.350, 9.230, 147107)
upgrade(-10.360, 2.350, 9.230, 151751)
upgrade(-10.360, 2.350, 9.230, 152705)
upgrade(-10.360, 2.350, 9.230, 150461)
upgrade(-10.360, 2.350, 9.230, 145710)
upgrade(-10.360, 2.350, 9.230, 132223)
upgrade(-10.360, 2.350, 9.230, 97318)
place(-13.205, 1.000, 7.452, "Engineer", 107584)
task.wait(0.5)
upgrade(-13.205, 2.350, 7.452, 113484)
upgrade(-13.205, 2.350, 7.452, 113138)
upgrade(-13.205, 2.350, 7.452, 114084)
upgrade(-13.205, 2.350, 7.452, 111837)
upgrade(-13.205, 2.350, 7.452, 93787)
upgrade(-13.205, 2.350, 7.452, 93584)
task.wait(0.5)
switchUnit(-6.253, 0.975, 9.400, "Unit 3", "Rifleman")
switchUnit(-6.253, 0.975, 9.400, "Unit 2", "Rifleman")
switchUnit(-6.253, 0.975, 9.400, "Unit 2", "Grenadier")
switchUnit(-6.253, 0.975, 9.400, "Unit 1", "Grenadier")
switchUnit(-6.253, 0.975, 9.400, "Unit 2", "Rifleman")
switchUnit(-6.253, 0.975, 9.400, "Unit 1", "Rifleman")
switchUnit(-6.253, 0.975, 9.400, "Unit 3", "Riot Guard")
switchUnit(-6.253, 0.975, 9.400, "Unit 2", "Riot Guard")
switchUnit(-6.253, 0.975, 9.400, "Unit 1", "Riot Guard")
airDropAbility(-6.253, 0.975, 9.400, 1, 99.364773, 3.989568, 1.125002, -0.339890, -0.981659, 0.000000, 0.190643, 0.000000, 1.000000, -0.000000, -0.190643, 0.000000)
airDropAbility(20.465, 0.975, 11.966, 1, 99.364773, 4.172388, 1.125002, -0.339890, -0.978547, 0.000000, 0.206022, 0.000000, 1.000000, -0.000000, -0.206022, 0.000000)
airDropAbility(25.049, 0.975, 12.132, 1, 99.364773, 4.035864, 1.125002, -0.339890, -0.980892, 0.000000, 0.194552, 0.000000, 1.000000, -0.000000, -0.194552, 0.000000)
upgrade(-15.457, 2.403, -9.770, 496730)
upgrade(-15.457, 2.403, -9.770, 469330)
upgrade(-15.457, 2.403, -9.770, 472955)
place(-10.392, 1.000, -10.030, "Hacker", 434205)
sell(-10.392, 2.403, -10.030)
place(-8.454, 1.000, -2.049, "Hacker", 554564)
task.wait(0.5)
upgrade(-8.454, 2.403, -2.049, 553164)
upgrade(-8.454, 2.403, -2.049, 572563)
upgrade(-8.454, 2.403, -2.049, 578314)
upgrade(-8.454, 2.403, -2.049, 588563)
upgrade(-8.454, 2.403, -2.049, 568564)
task.wait(0.5)
airDropAbility(-6.253, 0.975, 9.400, 1, 104.908773, -0.739724, 1.125002, -0.339890, -0.172542, 0.000000, 0.985002, 0.000000, 1.000000, -0.000000, -0.985002, 0.000000)
airDropAbility(20.465, 0.975, 11.966, 1, 110.875222, -23.352266, 1.125002, -12.010536, -0.822168, 0.000000, -0.569244, 0.000000, 1.000000, -0.000000, 0.569244, -0.000000)
airDropAbility(25.049, 0.975, 12.132, 1, 105.946833, -2.724828, 1.125002, -0.401279, -0.207807, 0.000000, 0.978170, 0.000000, 1.000000, -0.000000, -0.978170, 0.000000)
hologramAbility(-8.454, 2.403, -2.049, "Fallen", -11.945, 1.000, -2.964)
hologramAbility(-15.457, 2.403, -9.770, "Fallen", -1.862, 1.000, 2.847)
reposition(-23.937, 2.350, -6.287, 3.052, 1.000, 2.455)
reposition(-26.377, 2.350, -9.822, 6.567, 1.000, 2.950)
reposition(-18.250, 2.350, -9.557, 4.422, 1.000, -3.357)
reposition(-18.311, 2.350, -11.838, 3.441, 1.000, 9.745)
reposition(-20.383, 2.350, -11.943, 0.446, 1.000, 10.451)
reposition(-23.937, 2.350, -6.287, -1.663, 1.000, 10.384)
reposition(-26.377, 2.350, -9.822, 6.742, 1.000, 10.000)
reposition(-18.311, 2.350, -11.838, 4.661, 1.000, 3.364)
airDropAbility(-6.253, 0.975, 9.400, 1, 137.610358, 16.231995, 1.125002, 7.429064, -0.931099, 0.000000, 0.364766, 0.000000, 1.000000, -0.000000, -0.364766, 0.000000)
airDropAbility(20.465, 0.975, 11.966, 1, 140.596275, 16.945698, 1.125002, 10.249076, -0.803065, 0.000000, 0.595891, 0.000000, 1.000000, -0.000000, -0.595891, 0.000000)
airDropAbility(25.049, 0.975, 12.132, 1, 144.075492, -1.955992, 1.125002, -0.339890, -0.809806, 0.000000, -0.586697, 0.000000, 1.000000, -0.000000, 0.586697, -0.000000)
airDropAbility(-6.253, 0.975, 9.400, 1, 144.733502, 17.306561, 1.125002, 14.270226, -0.178704, 0.000000, 0.983903, 0.000000, 1.000000, -0.000000, -0.983903, 0.000000)
